  -3.0000000000000000e+00  -3.0000000000000000e+00   6.6712802967174421e-05
  -3.0000000000000000e+00  -2.7931034482758621e+00   1.3615075561519737e-04
  -3.0000000000000000e+00  -2.5862068965517242e+00   2.5254288460003864e-04
  -3.0000000000000000e+00  -2.3793103448275863e+00   4.2186312220467896e-04
  -3.0000000000000000e+00  -2.1724137931034484e+00   6.2063251137171687e-04
  -3.0000000000000000e+00  -1.9655172413793103e+00   7.5941685769987256e-04
  -3.0000000000000000e+00  -1.7586206896551724e+00   6.3416811604894840e-04
  -3.0000000000000000e+00  -1.5517241379310345e+00  -1.1225395601105828e-04
  -3.0000000000000000e+00  -1.3448275862068966e+00  -1.9702478134826463e-03
  -3.0000000000000000e+00  -1.1379310344827587e+00  -5.4300184903387028e-03
  -3.0000000000000000e+00  -9.3103448275862055e-01  -1.0726127259530335e-02
  -3.0000000000000000e+00  -7.2413793103448265e-01  -1.7554694343209380e-02
  -3.0000000000000000e+00  -5.1724137931034475e-01  -2.4947189187054141e-02
  -3.0000000000000000e+00  -3.1034482758620685e-01  -3.1454947802148865e-02
  -3.0000000000000000e+00  -1.0344827586206895e-01  -3.5622061067359968e-02
  -3.0000000000000000e+00   1.0344827586206895e-01  -3.6520548623442083e-02
  -3.0000000000000000e+00   3.1034482758620685e-01  -3.4066125857038505e-02
  -3.0000000000000000e+00   5.1724137931034475e-01  -2.8976754026111988e-02
  -3.0000000000000000e+00   7.2413793103448265e-01  -2.2450294792312409e-02
  -3.0000000000000000e+00   9.3103448275862055e-01  -1.5753717517280958e-02
  -3.0000000000000000e+00   1.1379310344827589e+00  -9.8907236338489496e-03
  -3.0000000000000000e+00   1.3448275862068968e+00  -5.4262079807313344e-03
  -3.0000000000000000e+00   1.5517241379310347e+00  -2.4738947256545650e-03
  -3.0000000000000000e+00   1.7586206896551726e+00  -8.1050490196826188e-04
  -3.0000000000000000e+00   1.9655172413793105e+00  -5.1249679692671920e-05
  -3.0000000000000000e+00   2.1724137931034484e+00   1.8782501782836007e-04
  -3.0000000000000000e+00   2.3793103448275863e+00   1.9284340538308886e-04
  -3.0000000000000000e+00   2.5862068965517242e+00   1.2963250810172716e-04
  -3.0000000000000000e+00   2.7931034482758621e+00   7.0010915850105094e-05
  -3.0000000000000000e+00   3.0000000000000000e+00   3.2235359612692725e-05
  -2.7931034482758621e+00  -3.0000000000000000e+00   1.8838612646196633e-04
  -2.7931034482758621e+00  -2.7931034482758621e+00   3.8339636280399549e-04
  -2.7931034482758621e+00  -2.5862068965517242e+00   7.1228103525197185e-04
  -2.7931034482758621e+00  -2.3793103448275863e+00   1.2007854530533566e-03
  -2.7931034482758621e+00  -2.1724137931034484e+00   1.8068452387669089e-03
  -2.7931034482758621e+00  -1.9655172413793103e+00   2.3267328716474766e-03
  -2.7931034482758621e+00  -1.7586206896551724e+00   2.2602369699714657e-03
  -2.7931034482758621e+00  -1.5517241379310345e+00   6.8886803702142264e-04
  -2.7931034482758621e+00  -1.3448275862068966e+00  -3.6995199652375367e-03
  -2.7931034482758621e+00  -1.1379310344827587e+00  -1.2272851882006056e-02
  -2.7931034482758621e+00  -9.3103448275862055e-01  -2.5760625946230312e-02
  -2.7931034482758621e+00  -7.2413793103448265e-01  -4.3457397645197807e-02
  -2.7931034482758621e+00  -5.1724137931034475e-01  -6.2845551974671218e-02
  -2.7931034482758621e+00  -3.1034482758620685e-01  -8.0081094308074391e-02
  -2.7931034482758621e+00  -1.0344827586206895e-01  -9.1279153627306070e-02
  -2.7931034482758621e+00   1.0344827586206895e-01  -9.3957788920090879e-02
  -2.7931034482758621e+00   3.1034482758620685e-01  -8.7863596954198930e-02
  -2.7931034482758621e+00   5.1724137931034475e-01  -7.4835458678908118e-02
  -2.7931034482758621e+00   7.2413793103448265e-01  -5.7955372228170203e-02
  -2.7931034482758621e+00   9.3103448275862055e-01  -4.0506837774235624e-02
  -2.7931034482758621e+00   1.1379310344827589e+00  -2.5140475498008422e-02
  -2.7931034482758621e+00   1.3448275862068968e+00  -1.3408226067982226e-02
  -2.7931034482758621e+00   1.5517241379310347e+00  -5.6840984238342102e-03
  -2.7931034482758621e+00   1.7586206896551726e+00  -1.4172998553177410e-03
  -2.7931034482758621e+00   1.9655172413793105e+00   4.1789077579751496e-04
  -2.7931034482758621e+00   2.1724137931034484e+00   8.7245707866417737e-04
  -2.7931034482758621e+00   2.3793103448275863e+00   7.3674908664247399e-04
  -2.7931034482758621e+00   2.5862068965517242e+00   4.6464861011365156e-04
  -2.7931034482758621e+00   2.7931034482758621e+00   2.4357039624216573e-04
  -2.7931034482758621e+00   3.0000000000000000e+00   1.1032850535990947e-04
  -2.5862068965517242e+00  -3.0000000000000000e+00   4.7740940909086615e-04
  -2.5862068965517242e+00  -2.7931034482758621e+00   9.6616731590900499e-04
  -2.5862068965517242e+00  -2.5862068965517242e+00   1.7932222652331537e-03
  -2.5862068965517242e+00  -2.3793103448275863e+00   3.0443172630919956e-03
  -2.5862068965517242e+00  -2.1724137931034484e+00   4.6737431674237877e-03
  -2.5862068965517242e+00  -1.9655172413793103e+00   6.2895011546889312e-03
  -2.5862068965517242e+00  -1.7586206896551724e+00   6.8122790541657423e-03
  -2.5862068965517242e+00  -1.5517241379310345e+00   4.1207585790841699e-03
  -2.5862068965517242e+00  -1.3448275862068966e+00  -4.9776141427363644e-03
  -2.5862068965517242e+00  -1.1379310344827587e+00  -2.3983782133325381e-02
  -2.5862068965517242e+00  -9.3103448275862055e-01  -5.4980887932871189e-02
  -2.5862068965517242e+00  -7.2413793103448265e-01  -9.6565771839501324e-02
  -2.5862068965517242e+00  -5.1724137931034475e-01  -1.4280390909065430e-01
  -2.5862068965517242e+00  -3.1034482758620685e-01  -1.8439124872821933e-01
  -2.5862068965517242e+00  -1.0344827586206895e-01  -2.1185982413232282e-01
  -2.5862068965517242e+00   1.0344827586206895e-01  -2.1914677373527158e-01
  -2.5862068965517242e+00   3.1034482758620685e-01  -2.0555592092145897e-01
  -2.5862068965517242e+00   5.1724137931034475e-01  -1.7534647350748184e-01
  -2.5862068965517242e+00   7.2413793103448265e-01  -1.3569470445883899e-01
  -2.5862068965517242e+00   9.3103448275862055e-01  -9.4319605820087249e-02
  -2.5862068965517242e+00   1.1379310344827589e+00  -5.7607746020505543e-02
  -2.5862068965517242e+00   1.3448275862068968e+00  -2.9484098530298479e-02
  -2.5862068965517242e+00   1.5517241379310347e+00  -1.1076361300049568e-02
  -2.5862068965517242e+00   1.7586206896551726e+00  -1.1749452053346674e-03
  -2.5862068965517242e+00   1.9655172413793105e+00   2.7246119710767000e-03
  -2.5862068965517242e+00   2.1724137931034484e+00   3.2724884650029928e-03
  -2.5862068965517242e+00   2.3793103448275863e+00   2.4829345202230227e-03
  -2.5862068965517242e+00   2.5862068965517242e+00   1.5002744312071180e-03
  -2.5862068965517242e+00   2.7931034482758621e+00   7.6959155958689974e-04
  -2.5862068965517242e+00   3.0000000000000000e+00   3.4431127708062730e-04
  -2.3793103448275863e+00  -3.0000000000000000e+00   1.0776568899639107e-03
  -2.3793103448275863e+00  -2.7931034482758621e+00   2.1596715732317548e-03
  -2.3793103448275863e+00  -2.5862068965517242e+00   3.9905352770848845e-03
  -2.3793103448275863e+00  -2.3793103448275863e+00   6.8078195015294982e-03
  -2.3793103448275863e+00  -2.1724137931034484e+00   1.0655001679186994e-02
  -2.3793103448275863e+00  -1.9655172413793103e+00   1.4951431834772979e-02
  -2.3793103448275863e+00  -1.7586206896551724e+00   1.7706700333652216e-02
  -2.3793103448275863e+00  -1.5517241379310345e+00   1.4570375648915350e-02
  -2.3793103448275863e+00  -1.3448275862068966e+00  -1.4926002230398489e-03
  -2.3793103448275863e+00  -1.1379310344827587e+00  -3.8691549383463093e-02
  -2.3793103448275863e+00  -9.3103448275862055e-01  -1.0248882088691447e-01
  -2.3793103448275863e+00  -7.2413793103448265e-01  -1.9064642105128332e-01
  -2.3793103448275863e+00  -5.1724137931034475e-01  -2.9054323207849009e-01
  -2.3793103448275863e+00  -3.1034482758620685e-01  -3.8168822731028867e-01
  -2.3793103448275863e+00  -1.0344827586206895e-01  -4.4304824667005166e-01
  -2.3793103448275863e+00   1.0344827586206895e-01  -4.6112418213332257e-01
  -2.3793103448275863e+00   3.1034482758620685e-01  -4.3416898726259079e-01
  -2.3793103448275863e+00   5.1724137931034475e-01  -3.7104752865973750e-01
  -2.3793103448275863e+00   7.2413793103448265e-01  -2.8679090236268007e-01
  -2.3793103448275863e+00   9.3103448275862055e-01  -1.9778038928328076e-01
  -2.3793103448275863e+00   1.1379310344827589e+00  -1.1802458688037912e-01
  -2.3793103448275863e+00   1.3448275862068968e+00  -5.6663162714558360e-02
  -2.3793103448275863e+00   1.5517241379310347e+00  -1.6814705920620680e-02
  -2.3793103448275863e+00   1.7586206896551726e+00   3.8443216318090907e-03
  -2.3793103448275863e+00   1.9655172413793105e+00   1.0910847310336900e-02
  -2.3793103448275863e+00   2.1724137931034484e+00   1.0544045600073240e-02
  -2.3793103448275863e+00   2.3793103448275863e+00   7.4831876482430231e-03
  -2.3793103448275863e+00   2.5862068965517242e+00   4.3869680708842427e-03
  -2.3793103448275863e+00   2.7931034482758621e+00   2.2142860491166294e-03
  -2.3793103448275863e+00   3.0000000000000000e+00   9.8128532688757358e-04
  -2.1724137931034484e+00  -3.0000000000000000e+00   2.1394377002088528e-03
  -2.1724137931034484e+00  -2.7931034482758621e+00   4.2155329364133506e-03
  -2.1724137931034484e+00  -2.5862068965517242e+00   7.7096572783323936e-03
  -2.1724137931034484e+00  -2.3793103448275863e+00   1.3181654984497462e-02
  -2.1724137931034484e+00  -2.1724137931034484e+00   2.1060428465787907e-02
  -2.1724137931034484e+00  -1.9655172413793103e+00   3.0917151819002234e-02
  -2.1724137931034484e+00  -1.7586206896551724e+00   3.9821017375316584e-02
  -2.1724137931034484e+00  -1.5517241379310345e+00   3.9997245400568968e-02
  -2.1724137931034484e+00  -1.3448275862068966e+00   1.7474680196803552e-02
  -2.1724137931034484e+00  -1.1379310344827587e+00  -4.5373503022790085e-02
  -2.1724137931034484e+00  -9.3103448275862055e-01  -1.6170179002344434e-01
  -2.1724137931034484e+00  -7.2413793103448265e-01  -3.2924657590292067e-01
  -2.1724137931034484e+00  -5.1724137931034475e-01  -5.2394503146173610e-01
  -2.1724137931034484e+00  -3.1034482758620685e-01  -7.0482601781862386e-01
  -2.1724137931034484e+00  -1.0344827586206895e-01  -8.2936661185576699e-01
  -2.1724137931034484e+00   1.0344827586206895e-01  -8.7021852568117675e-01
  -2.1724137931034484e+00   3.1034482758620685e-01  -8.2337875598356136e-01
  -2.1724137931034484e+00   5.1724137931034475e-01  -7.0528717395912111e-01
  -2.1724137931034484e+00   7.2413793103448265e-01  -5.4403996229106866e-01
  -2.1724137931034484e+00   9.3103448275862055e-01  -3.7083699821633365e-01
  -2.1724137931034484e+00   1.1379310344827589e+00  -2.1359981975921349e-01
  -2.1724137931034484e+00   1.3448275862068968e+00  -9.1945025831620106e-02
  -2.1724137931034484e+00   1.5517241379310347e+00  -1.3784988831432124e-02
  -2.1724137931034484e+00   1.7586206896551726e+00   2.4656755823975904e-02
  -2.1724137931034484e+00   1.9655172413793105e+00   3.4831204444092545e-02
  -2.1724137931034484e+00   2.1724137931034484e+00   2.9950641081710250e-02
  -2.1724137931034484e+00   2.3793103448275863e+00   2.0325526449460354e-02
  -2.1724137931034484e+00   2.5862068965517242e+00   1.1656547452167250e-02
  -2.1724137931034484e+00   2.7931034482758621e+00   5.8119530866762711e-03
  -2.1724137931034484e+00   3.0000000000000000e+00   2.5567278722211846e-03
  -1.9655172413793103e+00  -3.0000000000000000e+00   3.6471145726869971e-03
  -1.9655172413793103e+00  -2.7931034482758621e+00   6.9640468772460334e-03
  -1.9655172413793103e+00  -2.5862068965517242e+00   1.2454475923461055e-02
  -1.9655172413793103e+00  -2.3793103448275863e+00   2.1240028036329479e-02
  -1.9655172413793103e+00  -2.1724137931034484e+00   3.4843607245954623e-02
  -1.9655172413793103e+00  -1.9655172413793103e+00   5.4240452245243924e-02
  -1.9655172413793103e+00  -1.7586206896551724e+00   7.6740855647233597e-02
  -1.9655172413793103e+00  -1.5517241379310345e+00   9.0680279073920497e-02
  -1.9655172413793103e+00  -1.3448275862068966e+00   7.1218186848818130e-02
  -1.9655172413793103e+00  -1.1379310344827587e+00  -1.6297367951045631e-02
  -1.9655172413793103e+00  -9.3103448275862055e-01  -2.0096668249166316e-01
  -1.9655172413793103e+00  -7.2413793103448265e-01  -4.8398887917776096e-01
  -1.9655172413793103e+00  -5.1724137931034475e-01  -8.2459872511111898e-01
  -1.9655172413793103e+00  -3.1034482758620685e-01  -1.1485691836268748e+00
  -1.9655172413793103e+00  -1.0344827586206895e-01  -1.3777454461290213e+00
  -1.9655172413793103e+00   1.0344827586206895e-01  -1.4617765806320493e+00
  -1.9655172413793103e+00   3.1034482758620685e-01  -1.3922917778187958e+00
  -1.9655172413793103e+00   5.1724137931034475e-01  -1.1961152649307305e+00
  -1.9655172413793103e+00   7.2413793103448265e-01  -9.1956948548463946e-01
  -1.9655172413793103e+00   9.3103448275862055e-01  -6.1557321448319346e-01
  -1.9655172413793103e+00   1.1379310344827589e+00  -3.3463811434156626e-01
  -1.9655172413793103e+00   1.3448275862068968e+00  -1.1565157891857838e-01
  -1.9655172413793103e+00   1.5517241379310347e+00   2.2964315000497771e-02
  -1.9655172413793103e+00   1.7586206896551726e+00   8.5999459152266242e-02
  -1.9655172413793103e+00   1.9655172413793105e+00   9.4937343985734279e-02
  -1.9655172413793103e+00   2.1724137931034484e+00   7.6004804036536255e-02
  -1.9655172413793103e+00   2.3793103448275863e+00   4.9992009661246548e-02
  -1.9655172413793103e+00   2.5862068965517242e+00   2.8207769190987650e-02
  -1.9655172413793103e+00   2.7931034482758621e+00   1.3933833706963833e-02
  -1.9655172413793103e+00   3.0000000000000000e+00   6.0947154733079992e-03
  -1.7586206896551724e+00  -3.0000000000000000e+00   5.0582600937769118e-03
  -1.7586206896551724e+00  -2.7931034482758621e+00   9.0075517253364080e-03
  -1.7586206896551724e+00  -2.5862068965517242e+00   1.5202956053002738e-02
  -1.7586206896551724e+00  -2.3793103448275863e+00   2.5513037853153234e-02
  -1.7586206896551724e+00  -2.1724137931034484e+00   4.3921601130607689e-02
  -1.7586206896551724e+00  -1.9655172413793103e+00   7.5889576112136634e-02
  -1.7586206896551724e+00  -1.7586206896551724e+00   1.2302075049055239e-01
  -1.7586206896551724e+00  -1.5517241379310345e+00   1.7198620445233462e-01
  -1.7586206896551724e+00  -1.3448275862068966e+00   1.8363156363228875e-01
  -1.7586206896551724e+00  -1.1379310344827587e+00   9.5564331391100682e-02
  -1.7586206896551724e+00  -9.3103448275862055e-01  -1.5136767104013513e-01
  -1.7586206896551724e+00  -7.2413793103448265e-01  -5.7083166713145073e-01
  -1.7586206896551724e+00  -5.1724137931034475e-01  -1.1022931648889995e+00
  -1.7586206896551724e+00  -3.1034482758620685e-01  -1.6240828428071170e+00
  -1.7586206896551724e+00  -1.0344827586206895e-01  -2.0056388302683921e+00
  -1.7586206896551724e+00   1.0344827586206895e-01  -2.1627648622848494e+00
  -1.7586206896551724e+00   3.1034482758620685e-01  -2.0794933557698920e+00
  -1.7586206896551724e+00   5.1724137931034475e-01  -1.7935189117286532e+00
  -1.7586206896551724e+00   7.2413793103448265e-01  -1.3709069955372228e+00
  -1.7586206896551724e+00   9.3103448275862055e-01  -8.9069518723414864e-01
  -1.7586206896551724e+00   1.1379310344827589e+00  -4.3581474585817553e-01
  -1.7586206896551724e+00   1.3448275862068968e+00  -7.7683153272101846e-02
  -1.7586206896551724e+00   1.5517241379310347e+00   1.4433228031226472e-01
  -1.7586206896551724e+00   1.7586206896551726e+00   2.3362155393824305e-01
  -1.7586206896551724e+00   1.9655172413793105e+00   2.2727494347322308e-01
  -1.7586206896551724e+00   2.1724137931034484e+00   1.7364001238587864e-01
  -1.7586206896551724e+00   2.3793103448275863e+00   1.1169405952459287e-01
  -1.7586206896551724e+00   2.5862068965517242e+00   6.2266461280623388e-02
  -1.7586206896551724e+00   2.7931034482758621e+00   3.0540731034684181e-02
  -1.7586206896551724e+00   3.0000000000000000e+00   1.3300057929613144e-02
  -1.5517241379310345e+00  -3.0000000000000000e+00   4.7996965985996577e-03
  -1.5517241379310345e+00  -2.7931034482758621e+00   6.6199812358849501e-03
  -1.5517241379310345e+00  -2.5862068965517242e+00   8.2101393124985617e-03
  -1.5517241379310345e+00  -2.3793103448275863e+00   1.1984106477103943e-02
  -1.5517241379310345e+00  -2.1724137931034484e+00   2.6539924781140641e-02
  -1.5517241379310345e+00  -1.9655172413793103e+00   6.7784341813460852e-02
  -1.5517241379310345e+00  -1.7586206896551724e+00   1.5073397689013085e-01
  -1.5517241379310345e+00  -1.5517241379310345e+00   2.6826048331963298e-01
  -1.5517241379310345e+00  -1.3448275862068966e+00   3.6654557568231777e-01
  -1.5517241379310345e+00  -1.1379310344827587e+00   3.4259561269531580e-01
  -1.5517241379310345e+00  -9.3103448275862055e-01   8.5891056722504008e-02
  -1.5517241379310345e+00  -7.2413793103448265e-01  -4.4753179979560959e-01
  -1.5517241379310345e+00  -5.1724137931034475e-01  -1.1807564052533601e+00
  -1.5517241379310345e+00  -3.1034482758620685e-01  -1.9334331428201519e+00
  -1.5517241379310345e+00  -1.0344827586206895e-01  -2.5070803097287038e+00
  -1.5517241379310345e+00   1.0344827586206895e-01  -2.7737505016005271e+00
  -1.5517241379310345e+00   3.1034482758620685e-01  -2.7056732654878752e+00
  -1.5517241379310345e+00   5.1724137931034475e-01  -2.3465365914303260e+00
  -1.5517241379310345e+00   7.2413793103448265e-01  -1.7747819068784976e+00
  -1.5517241379310345e+00   9.3103448275862055e-01  -1.0924756374759883e+00
  -1.5517241379310345e+00   1.1379310344827589e+00  -4.2341838668262244e-01
  -1.5517241379310345e+00   1.3448275862068968e+00   1.1041047040496130e-01
  -1.5517241379310345e+00   1.5517241379310347e+00   4.3178399792536759e-01
  -1.5517241379310345e+00   1.7586206896551726e+00   5.3682817635999514e-01
  -1.5517241379310345e+00   1.9655172413793105e+00   4.8481762036906589e-01
  -1.5517241379310345e+00   2.1724137931034484e+00   3.5887787758893552e-01
  -1.5517241379310345e+00   2.3793103448275863e+00   2.2718979119084953e-01
  -1.5517241379310345e+00   2.5862068965517242e+00   1.2552803152245531e-01
  -1.5517241379310345e+00   2.7931034482758621e+00   6.1242909351050756e-02
  -1.5517241379310345e+00   3.0000000000000000e+00   2.6581665244774979e-02
  -1.3448275862068966e+00  -3.0000000000000000e+00  -1.0952661884567217e-04
  -1.3448275862068966e+00  -2.7931034482758621e+00  -7.0343900943944338e-03
  -1.3448275862068966e+00  -2.5862068965517242e+00  -2.2520487076954723e-02
  -1.3448275862068966e+00  -2.3793103448275863e+00  -4.4766792085997563e-02
  -1.3448275862068966e+00  -2.1724137931034484e+00  -5.7856698327793873e-02
  -1.3448275862068966e+00  -1.9655172413793103e+00  -2.6024020851346551e-02
  -1.3448275862068966e+00  -1.7586206896551724e+00   9.5108580527110201e-02
  -1.3448275862068966e+00  -1.5517241379310345e+00   3.2099825094227519e-01
  -1.3448275862068966e+00  -1.3448275862068966e+00   5.8918398483074719e-01
  -1.3448275862068966e+00  -1.1379310344827587e+00   7.4353784611775187e-01
  -1.3448275862068966e+00  -9.3103448275862055e-01   5.9418332525013329e-01
  -1.3448275862068966e+00  -7.2413793103448265e-01   3.8298643834832891e-02
  -1.3448275862068966e+00  -5.1724137931034475e-01  -8.4470813899299380e-01
  -1.3448275862068966e+00  -3.1034482758620685e-01  -1.8127668382868110e+00
  -1.3448275862068966e+00  -1.0344827586206895e-01  -2.5903594729755075e+00
  -1.3448275862068966e+00   1.0344827586206895e-01  -3.0003646829106669e+00
  -1.3448275862068966e+00   3.1034482758620685e-01  -2.9987693549800274e+00
  -1.3448275862068966e+00   5.1724137931034475e-01  -2.6226715236363281e+00
  -1.3448275862068966e+00   7.2413793103448265e-01  -1.9422692813647462e+00
  -1.3448275862068966e+00   9.3103448275862055e-01  -1.0676368421844920e+00
  -1.3448275862068966e+00   1.1379310344827589e+00  -1.6767726268691480e-01
  -1.3448275862068966e+00   1.3448275862068968e+00   5.6302774362787322e-01
  -1.3448275862068966e+00   1.5517241379310347e+00   9.8538638475844242e-01
  -1.3448275862068966e+00   1.7586206896551726e+00   1.0780113364647317e+00
  -1.3448275862068966e+00   1.9655172413793105e+00   9.2933347887973417e-01
  -1.3448275862068966e+00   2.1724137931034484e+00   6.7324506616494195e-01
  -1.3448275862068966e+00   2.3793103448275863e+00   4.2139276177597434e-01
  -1.3448275862068966e+00   2.5862068965517242e+00   2.3132836851417576e-01
  -1.3448275862068966e+00   2.7931034482758621e+00   1.1242078963873235e-01
  -1.3448275862068966e+00   3.0000000000000000e+00   4.8674469002321086e-02
  -1.1379310344827587e+00  -3.0000000000000000e+00  -1.3812083783250974e-02
  -1.1379310344827587e+00  -2.7931034482758621e+00  -4.1259575712668299e-02
  -1.1379310344827587e+00  -2.5862068965517242e+00  -9.5870800473933149e-02
  -1.1379310344827587e+00  -2.3793103448275863e+00  -1.7921373930790371e-01
  -1.1379310344827587e+00  -2.1724137931034484e+00  -2.6558654847346841e-01
  -1.1379310344827587e+00  -1.9655172413793103e+00  -2.8726180896349385e-01
  -1.1379310344827587e+00  -1.7586206896551724e+00  -1.4806745353251455e-01
  -1.1379310344827587e+00  -1.5517241379310345e+00   2.1563040235563954e-01
  -1.1379310344827587e+00  -1.3448275862068966e+00   7.4734216875872383e-01
  -1.1379310344827587e+00  -1.1379310344827587e+00   1.2292044317525743e+00
  -1.1379310344827587e+00  -9.3103448275862055e-01   1.3611223872901006e+00
  -1.1379310344827587e+00  -7.2413793103448265e-01   9.4431583430138732e-01
  -1.1379310344827587e+00  -5.1724137931034475e-01   3.5660929310216416e-02
  -1.1379310344827587e+00  -3.1034482758620685e-01  -1.0692485746558229e+00
  -1.1379310344827587e+00  -1.0344827586206895e-01  -2.0188186310079299e+00
  -1.1379310344827587e+00   1.0344827586206895e-01  -2.5885006876101313e+00
  -1.1379310344827587e+00   3.1034482758620685e-01  -2.7147557929807165e+00
  -1.1379310344827587e+00   5.1724137931034475e-01  -2.4085955963531553e+00
  -1.1379310344827587e+00   7.2413793103448265e-01  -1.6987156622531352e+00
  -1.1379310344827587e+00   9.3103448275862055e-01  -6.7622240382262178e-01
  -1.1379310344827587e+00   1.1379310344827589e+00   4.4610823511072750e-01
  -1.1379310344827587e+00   1.3448275862068968e+00   1.3772366032697008e+00
  -1.1379310344827587e+00   1.5517241379310347e+00   1.8871278764976231e+00
  -1.1379310344827587e+00   1.7586206896551726e+00   1.9230649999275764e+00
  -1.1379310344827587e+00   1.9655172413793105e+00   1.6094803261638775e+00
  -1.1379310344827587e+00   2.1724137931034484e+00   1.1491551237584559e+00
  -1.1379310344827587e+00   2.3793103448275863e+00   7.1364070228149235e-01
  -1.1379310344827587e+00   2.5862068965517242e+00   3.8998281671633661e-01
  -1.1379310344827587e+00   2.7931034482758621e+00   1.8899875882567846e-01
  -1.1379310344827587e+00   3.0000000000000000e+00   8.1686242212456447e-02
  -9.3103448275862055e-01  -3.0000000000000000e+00  -4.0287632661729071e-02
  -9.3103448275862055e-01  -2.7931034482758621e+00  -1.0477300364184416e-01
  -9.3103448275862055e-01  -2.5862068965517242e+00  -2.2935179160756575e-01
  -9.3103448275862055e-01  -2.3793103448275863e+00  -4.2359841166276146e-01
  -9.3103448275862055e-01  -2.1724137931034484e+00  -6.5102957118888716e-01
  -9.3103448275862055e-01  -1.9655172413793103e+00  -7.9987307421069798e-01
  -9.3103448275862055e-01  -1.7586206896551724e+00  -6.9723616784407139e-01
  -9.3103448275862055e-01  -1.5517241379310345e+00  -2.0029121087269672e-01
  -9.3103448275862055e-01  -1.3448275862068966e+00   6.6259329788222576e-01
  -9.3103448275862055e-01  -1.1379310344827587e+00   1.6107004531687574e+00
  -9.3103448275862055e-01  -9.3103448275862055e-01   2.2075022845701007e+00
  -9.3103448275862055e-01  -7.2413793103448265e-01   2.1208438509459429e+00
  -9.3103448275862055e-01  -5.1724137931034475e-01   1.3544368635013118e+00
  -9.3103448275862055e-01  -3.1034482758620685e-01   2.4004860434973546e-01
  -9.3103448275862055e-01  -1.0344827586206895e-01  -8.0523983938840393e-01
  -9.3103448275862055e-01   1.0344827586206895e-01  -1.5182883130090017e+00
  -9.3103448275862055e-01   3.1034482758620685e-01  -1.8155722665233576e+00
  -9.3103448275862055e-01   5.1724137931034475e-01  -1.6611571188731191e+00
  -9.3103448275862055e-01   7.2413793103448265e-01  -1.0049465357541270e+00
  -9.3103448275862055e-01   9.3103448275862055e-01   1.1256482244831345e-01
  -9.3103448275862055e-01   1.1379310344827589e+00   1.4396752127318377e+00
  -9.3103448275862055e-01   1.3448275862068968e+00   2.5671381867670013e+00
  -9.3103448275862055e-01   1.5517241379310347e+00   3.1455700081936184e+00
  -9.3103448275862055e-01   1.7586206896551726e+00   3.0769204427717081e+00
  -9.3103448275862055e-01   1.9655172413793105e+00   2.5279716919206554e+00
  -9.3103448275862055e-01   2.1724137931034484e+00   1.7880336799813643e+00
  -9.3103448275862055e-01   2.3793103448275863e+00   1.1046437439827432e+00
  -9.3103448275862055e-01   2.5862068965517242e+00   6.0182337085836868e-01
  -9.3103448275862055e-01   2.7931034482758621e+00   2.9112103052909316e-01
  -9.3103448275862055e-01   3.0000000000000000e+00   1.2567471488987114e-01
  -7.2413793103448265e-01  -3.0000000000000000e+00  -8.1035724341863916e-02
  -7.2413793103448265e-01  -2.7931034482758621e+00  -2.0047548154848210e-01
  -7.2413793103448265e-01  -2.5862068965517242e+00  -4.2845360216953371e-01
  -7.2413793103448265e-01  -2.3793103448275863e+00  -7.8845260576738785e-01
  -7.2413793103448265e-01  -2.1724137931034484e+00  -1.2348076732430266e+00
  -7.2413793103448265e-01  -1.9655172413793103e+00  -1.6039133372641581e+00
  -7.2413793103448265e-01  -1.7586206896551724e+00  -1.6264176704264293e+00
  -7.2413793103448265e-01  -1.5517241379310345e+00  -1.0527020188445453e+00
  -7.2413793103448265e-01  -1.3448275862068966e+00   1.4118330386424877e-01
  -7.2413793103448265e-01  -1.1379310344827587e+00   1.6200523379517311e+00
  -7.2413793103448265e-01  -9.3103448275862055e-01   2.7991688212723194e+00
  -7.2413793103448265e-01  -7.2413793103448265e-01   3.1884414125871237e+00
  -7.2413793103448265e-01  -5.1724137931034475e-01   2.7132451479210342e+00
  -7.2413793103448265e-01  -3.1034482758620685e-01   1.7219910594417662e+00
  -7.2413793103448265e-01  -1.0344827586206895e-01   6.8161343152001230e-01
  -7.2413793103448265e-01   1.0344827586206895e-01  -1.1894245627284372e-01
  -7.2413793103448265e-01   3.1034482758620685e-01  -5.7970552211812176e-01
  -7.2413793103448265e-01   5.1724137931034475e-01  -6.0452783339424665e-01
  -7.2413793103448265e-01   7.2413793103448265e-01  -3.8101941712616522e-02
  -7.2413793103448265e-01   9.3103448275862055e-01   1.1529612124825968e+00
  -7.2413793103448265e-01   1.1379310344827589e+00   2.6828907692518791e+00
  -7.2413793103448265e-01   1.3448275862068968e+00   4.0103967411812791e+00
  -7.2413793103448265e-01   1.5517241379310347e+00   4.6480792229989385e+00
  -7.2413793103448265e-01   1.7586206896551726e+00   4.4436970221873464e+00
  -7.2413793103448265e-01   1.9655172413793105e+00   3.6114726418889740e+00
  -7.2413793103448265e-01   2.1724137931034484e+00   2.5399889959697166e+00
  -7.2413793103448265e-01   2.3793103448275863e+00   1.5642556661197020e+00
  -7.2413793103448265e-01   2.5862068965517242e+00   8.5064223224670454e-01
  -7.2413793103448265e-01   2.7931034482758621e+00   4.1101160140098375e-01
  -7.2413793103448265e-01   3.0000000000000000e+00   1.7730072920720605e-01
  -5.1724137931034475e-01  -3.0000000000000000e+00  -1.3275937780336050e-01
  -5.1724137931034475e-01  -2.7931034482758621e+00  -3.2031055785379975e-01
  -5.1724137931034475e-01  -2.5862068965517242e+00  -6.7621297630278276e-01
  -5.1724137931034475e-01  -2.3793103448275863e+00  -1.2432496301771860e+00
  -5.1724137931034475e-01  -2.1724137931034484e+00  -1.9709949637697823e+00
  -5.1724137931034475e-01  -1.9655172413793103e+00  -2.6447330168290470e+00
  -5.1724137931034475e-01  -1.7586206896551724e+00  -2.8930260140714004e+00
  -5.1724137931034475e-01  -1.5517241379310345e+00  -2.3466286578651521e+00
  -5.1724137931034475e-01  -1.3448275862068966e+00  -9.1152458466131059e-01
  -5.1724137931034475e-01  -1.1379310344827587e+00   1.0400918579373675e+00
  -5.1724137931034475e-01  -9.3103448275862055e-01   2.7865451147127680e+00
  -5.1724137931034475e-01  -7.2413793103448265e-01   3.6811971925311848e+00
  -5.1724137931034475e-01  -5.1724137931034475e-01   3.5627998112022463e+00
  -5.1724137931034475e-01  -3.1034482758620685e-01   2.7819862363383354e+00
  -5.1724137931034475e-01  -1.0344827586206895e-01   1.8398536380053865e+00
  -5.1724137931034475e-01   1.0344827586206895e-01   1.0384007379044848e+00
  -5.1724137931034475e-01   3.1034482758620685e-01   4.8662187796937129e-01
  -5.1724137931034475e-01   5.1724137931034475e-01   3.3896757935165767e-01
  -5.1724137931034475e-01   7.2413793103448265e-01   8.5783523861217259e-01
  -5.1724137931034475e-01   9.3103448275862055e-01   2.1536058762618095e+00
  -5.1724137931034475e-01   1.1379310344827589e+00   3.9088372254655273e+00
  -5.1724137931034475e-01   1.3448275862068968e+00   5.4514406197521952e+00
  -5.1724137931034475e-01   1.5517241379310347e+00   6.1568215645665898e+00
  -5.1724137931034475e-01   1.7586206896551726e+00   5.8197793543534386e+00
  -5.1724137931034475e-01   1.9655172413793105e+00   4.7037784644423581e+00
  -5.1724137931034475e-01   2.1724137931034484e+00   3.2985776183287410e+00
  -5.1724137931034475e-01   2.3793103448275863e+00   2.0281005852085245e+00
  -5.1724137931034475e-01   2.5862068965517242e+00   1.1018095434213986e+00
  -5.1724137931034475e-01   2.7931034482758621e+00   5.3205056763110459e-01
  -5.1724137931034475e-01   3.0000000000000000e+00   2.2942587097703387e-01
  -3.1034482758620685e-01  -3.0000000000000000e+00  -1.8665819818756638e-01
  -3.1034482758620685e-01  -2.7931034482758621e+00  -4.4382772122725000e-01
  -3.1034482758620685e-01  -2.5862068965517242e+00  -9.3036165044673291e-01
  -3.1034482758620685e-01  -2.3793103448275863e+00  -1.7107493984866224e+00
  -3.1034482758620685e-01  -2.1724137931034484e+00  -2.7358899456093577e+00
  -3.1034482758620685e-01  -1.9655172413793103e+00  -3.7511109932519155e+00
  -3.1034482758620685e-01  -1.7586206896551724e+00  -4.2972881367638935e+00
  -3.1034482758620685e-01  -1.5517241379310345e+00  -3.8960699508388372e+00
  -3.1034482758620685e-01  -1.3448275862068966e+00  -2.3796778800209171e+00
  -3.1034482758620685e-01  -1.1379310344827587e+00  -1.3348296307355237e-01
  -3.1034482758620685e-01  -9.3103448275862055e-01   2.0214024648492024e+00
  -3.1034482758620685e-01  -7.2413793103448265e-01   3.3152099887488138e+00
  -3.1034482758620685e-01  -5.1724137931034475e-01   3.5133163529568887e+00
  -3.1034482758620685e-01  -3.1034482758620685e-01   2.9609032209904793e+00
  -3.1034482758620685e-01  -1.0344827586206895e-01   2.1780558196265991e+00
  -3.1034482758620685e-01   1.0344827586206895e-01   1.4686925805035482e+00
  -3.1034482758620685e-01   3.1034482758620685e-01   9.4119762137759011e-01
  -3.1034482758620685e-01   5.1724137931034475e-01   7.9047442724362404e-01
  -3.1034482758620685e-01   7.2413793103448265e-01   1.3601154578443269e+00
  -3.1034482758620685e-01   9.3103448275862055e-01   2.8183121186754039e+00
  -3.1034482758620685e-01   1.1379310344827589e+00   4.8183898996827335e+00
  -3.1034482758620685e-01   1.3448275862068968e+00   6.5803047946618323e+00
  -3.1034482758620685e-01   1.5517241379310347e+00   7.3687018212760202e+00
  -3.1034482758620685e-01   1.7586206896551726e+00   6.9383521407144269e+00
  -3.1034482758620685e-01   1.9655172413793105e+00   5.5970312886565834e+00
  -3.1034482758620685e-01   2.1724137931034484e+00   3.9209279742489267e+00
  -3.1034482758620685e-01   2.3793103448275863e+00   2.4093355117636275e+00
  -3.1034482758620685e-01   2.5862068965517242e+00   1.3084676719832624e+00
  -3.1034482758620685e-01   2.7931034482758621e+00   6.3170688177036916e-01
  -3.1034482758620685e-01   3.0000000000000000e+00   2.7236099780440826e-01
  -1.0344827586206895e-01  -3.0000000000000000e+00  -2.3049708671761235e-01
  -1.0344827586206895e-01  -2.7931034482758621e+00  -5.4302640110229949e-01
  -1.0344827586206895e-01  -2.5862068965517242e+00  -1.1333155049643242e+00
  -1.0344827586206895e-01  -2.3793103448275863e+00  -2.0849784053187959e+00
  -1.0344827586206895e-01  -2.1724137931034484e+00  -3.3558074558421112e+00
  -1.0344827586206895e-01  -1.9655172413793103e+00  -4.6709467662827198e+00
  -1.0344827586206895e-01  -1.7586206896551724e+00  -5.5172397403807416e+00
  -1.0344827586206895e-01  -1.5517241379310345e+00  -5.3419205167930377e+00
  -1.0344827586206895e-01  -1.3448275862068966e+00  -3.9163662450097374e+00
  -1.0344827586206895e-01  -1.1379310344827587e+00  -1.6129368472979715e+00
  -1.0344827586206895e-01  -9.3103448275862055e-01   7.0661466333175416e-01
  -1.0344827586206895e-01  -7.2413793103448265e-01   2.2093866148545387e+00
  -1.0344827586206895e-01  -5.1724137931034475e-01   2.6163903412268565e+00
  -1.0344827586206895e-01  -3.1034482758620685e-01   2.2606132662361089e+00
  -1.0344827586206895e-01  -1.0344827586206895e-01   1.6616124750066097e+00
  -1.0344827586206895e-01   1.0344827586206895e-01   1.1136775838104926e+00
  -1.0344827586206895e-01   3.1034482758620685e-01   7.1538318525538203e-01
  -1.0344827586206895e-01   5.1724137931034475e-01   6.7597836534061828e-01
  -1.0344827586206895e-01   7.2413793103448265e-01   1.3773474797644509e+00
  -1.0344827586206895e-01   9.3103448275862055e-01   3.0143874559382837e+00
  -1.0344827586206895e-01   1.1379310344827589e+00   5.2205473665443280e+00
  -1.0344827586206895e-01   1.3448275862068968e+00   7.1545199989655366e+00
  -1.0344827586206895e-01   1.5517241379310347e+00   8.0208089095487889e+00
  -1.0344827586206895e-01   1.7586206896551726e+00   7.5556105738382060e+00
  -1.0344827586206895e-01   1.9655172413793105e+00   6.0960804672649340e+00
  -1.0344827586206895e-01   2.1724137931034484e+00   4.2709034891223565e+00
  -1.0344827586206895e-01   2.3793103448275863e+00   2.6245077322611352e+00
  -1.0344827586206895e-01   2.5862068965517242e+00   1.4253599030565034e+00
  -1.0344827586206895e-01   2.7931034482758621e+00   6.8815081331417549e-01
  -1.0344827586206895e-01   3.0000000000000000e+00   2.9669959551610259e-01
   1.0344827586206895e-01  -3.0000000000000000e+00  -2.5303330134589536e-01
   1.0344827586206895e-01  -2.7931034482758621e+00  -5.9247079979921269e-01
   1.0344827586206895e-01  -2.5862068965517242e+00  -1.2329436196451442e+00
   1.0344827586206895e-01  -2.3793103448275863e+00  -2.2693873252500207e+00
   1.0344827586206895e-01  -2.1724137931034484e+00  -3.6694803899140602e+00
   1.0344827586206895e-01  -1.9655172413793103e+00  -5.1615229141898027e+00
   1.0344827586206895e-01  -1.7586206896551724e+00  -6.2232738385416191e+00
   1.0344827586206895e-01  -1.5517241379310345e+00  -6.2780997348623124e+00
   1.0344827586206895e-01  -1.3448275862068966e+00  -5.0620616616730247e+00
   1.0344827586206895e-01  -1.1379310344827587e+00  -2.9102500712251276e+00
   1.0344827586206895e-01  -9.3103448275862055e-01  -6.5732616000116684e-01
   1.0344827586206895e-01  -7.2413793103448265e-01   8.7178402715623549e-01
   1.0344827586206895e-01  -5.1724137931034475e-01   1.3857156784408424e+00
   1.0344827586206895e-01  -3.1034482758620685e-01   1.1913264948729601e+00
   1.0344827586206895e-01  -1.0344827586206895e-01   7.7852207740365031e-01
   1.0344827586206895e-01   1.0344827586206895e-01   4.1687825327892947e-01
   1.0344827586206895e-01   3.1034482758620685e-01   1.8881468679228702e-01
   1.0344827586206895e-01   5.1724137931034475e-01   2.9525919726254096e-01
   1.0344827586206895e-01   7.2413793103448265e-01   1.1150727600439971e+00
   1.0344827586206895e-01   9.3103448275862055e-01   2.8432847367218850e+00
   1.0344827586206895e-01   1.1379310344827589e+00   5.1155428961471845e+00
   1.0344827586206895e-01   1.3448275862068968e+00   7.0942736994390279e+00
   1.0344827586206895e-01   1.5517241379310347e+00   7.9886572099946500e+00
   1.0344827586206895e-01   1.7586206896551726e+00   7.5397134758734072e+00
   1.0344827586206895e-01   1.9655172413793105e+00   6.0888190935442958e+00
   1.0344827586206895e-01   2.1724137931034484e+00   4.2678456184208420e+00
   1.0344827586206895e-01   2.3793103448275863e+00   2.6233222244105856e+00
   1.0344827586206895e-01   2.5862068965517242e+00   1.4249371799924320e+00
   1.0344827586206895e-01   2.7931034482758621e+00   6.8801226823741257e-01
   1.0344827586206895e-01   3.0000000000000000e+00   2.9665787779611252e-01
   3.1034482758620685e-01  -3.0000000000000000e+00  -2.4865900051036105e-01
   3.1034482758620685e-01  -2.7931034482758621e+00  -5.7978942512070508e-01
   3.1034482758620685e-01  -2.5862068965517242e+00  -1.2041115712981838e+00
   3.1034482758620685e-01  -2.3793103448275863e+00  -2.2168770901512742e+00
   3.1034482758620685e-01  -2.1724137931034484e+00  -3.5953211592970167e+00
   3.1034482758620685e-01  -1.9655172413793103e+00  -5.0917805981102786e+00
   3.1034482758620685e-01  -1.7586206896551724e+00  -6.2193355720930938e+00
   3.1034482758620685e-01  -1.5517241379310345e+00  -6.4300037485800354e+00
   3.1034482758620685e-01  -1.3448275862068966e+00  -5.4543377535558895e+00
   3.1034482758620685e-01  -1.1379310344827587e+00  -3.5716842689958548e+00
   3.1034482758620685e-01  -9.3103448275862055e-01  -1.5284713947334152e+00
   3.1034482758620685e-01  -7.2413793103448265e-01  -7.7915710470064556e-02
   3.1034482758620685e-01  -5.1724137931034475e-01   4.9970237872055862e-01
   3.1034482758620685e-01  -3.1034482758620685e-01   4.6185085392397590e-01
   3.1034482758620685e-01  -1.0344827586206895e-01   2.3159009200240810e-01
   3.1034482758620685e-01   1.0344827586206895e-01   3.5244502724352519e-02
   3.1034482758620685e-01   3.1034482758620685e-01  -6.3290045040038448e-02
   3.1034482758620685e-01   5.1724137931034475e-01   1.1751036834001981e-01
   3.1034482758620685e-01   7.2413793103448265e-01   9.2828137778505959e-01
   3.1034482758620685e-01   9.3103448275862055e-01   2.5533354387567448e+00
   3.1034482758620685e-01   1.1379310344827589e+00   4.6636280213265344e+00
   3.1034482758620685e-01   1.3448275862068968e+00   6.4948089419997492e+00
   3.1034482758620685e-01   1.5517241379310347e+00   7.3243241801168963e+00
   3.1034482758620685e-01   1.7586206896551726e+00   6.9168384640757417e+00
   3.1034482758620685e-01   1.9655172413793105e+00   5.5873380611758190e+00
   3.1034482758620685e-01   2.1724137931034484e+00   3.9168840441376904e+00
   3.1034482758620685e-01   2.3793103448275863e+00   2.4077776083335611e+00
   3.1034482758620685e-01   2.5862068965517242e+00   1.3079145160613483e+00
   3.1034482758620685e-01   2.7931034482758621e+00   6.3152610148994315e-01
   3.1034482758620685e-01   3.0000000000000000e+00   2.7230666516346497e-01
   5.1724137931034475e-01  -3.0000000000000000e+00  -2.1966227543491340e-01
   5.1724137931034475e-01  -2.7931034482758621e+00  -5.1068905410379950e-01
   5.1724137931034475e-01  -2.5862068965517242e+00  -1.0589462822830438e+00
   5.1724137931034475e-01  -2.3793103448275863e+00  -1.9492506285775337e+00
   5.1724137931034475e-01  -2.1724137931034484e+00  -3.1656644756223606e+00
   5.1724137931034475e-01  -1.9655172413793103e+00  -4.4985869547736019e+00
   5.1724137931034475e-01  -1.7586206896551724e+00  -5.5297347891107718e+00
   5.1724137931034475e-01  -1.5517241379310345e+00  -5.7811013242133455e+00
   5.1724137931034475e-01  -1.3448275862068966e+00  -5.0034804083941538e+00
   5.1724137931034475e-01  -1.1379310344827587e+00  -3.4106377529423457e+00
   5.1724137931034475e-01  -9.3103448275862055e-01  -1.6191456561164448e+00
   5.1724137931034475e-01  -7.2413793103448265e-01  -2.6761059165059747e-01
   5.1724137931034475e-01  -5.1724137931034475e-01   3.8605918189294414e-01
   5.1724137931034475e-01  -3.1034482758620685e-01   5.2501907812484305e-01
   5.1724137931034475e-01  -1.0344827586206895e-01   4.7090051959652202e-01
   5.1724137931034475e-01   1.0344827586206895e-01   3.8992292521355687e-01
   5.1724137931034475e-01   3.1034482758620685e-01   3.2860191960481167e-01
   5.1724137931034475e-01   5.1724137931034475e-01   4.4940520567846121e-01
   5.1724137931034475e-01   7.2413793103448265e-01   1.0678268354626319e+00
   5.1724137931034475e-01   9.3103448275862055e-01   2.3611819208832037e+00
   5.1724137931034475e-01   1.1379310344827589e+00   4.0693271819764751e+00
   5.1724137931034475e-01   1.3448275862068968e+00   5.5574278149976459e+00
   5.1724137931034475e-01   1.5517241379310347e+00   6.2186491396572290e+00
   5.1724137931034475e-01   1.7586206896551726e+00   5.8521554367912483e+00
   5.1724137931034475e-01   1.9655172413793105e+00   4.7191304157770722e+00
   5.1724137931034475e-01   2.1724137931034484e+00   3.3052028666626092e+00
   5.1724137931034475e-01   2.3793103448275863e+00   2.0307108257084079e+00
   5.1724137931034475e-01   2.5862068965517242e+00   1.1027502158963238e+00
   5.1724137931034475e-01   2.7931034482758621e+00   5.3236103204419039e-01
   5.1724137931034475e-01   3.0000000000000000e+00   2.2951978855381466e-01
   7.2413793103448265e-01  -3.0000000000000000e+00  -1.7486525621672724e-01
   7.2413793103448265e-01  -2.7931034482758621e+00  -4.0571674460415791e-01
   7.2413793103448265e-01  -2.5862068965517242e+00  -8.4011839223865692e-01
   7.2413793103448265e-01  -2.3793103448275863e+00  -1.5451698995768408e+00
   7.2413793103448265e-01  -2.1724137931034484e+00  -2.5084890431667546e+00
   7.2413793103448265e-01  -1.9655172413793103e+00  -3.5643173997518125e+00
   7.2413793103448265e-01  -1.7586206896551724e+00  -4.3798694302824472e+00
   7.2413793103448265e-01  -1.5517241379310345e+00  -4.5698997845689169e+00
   7.2413793103448265e-01  -1.3448275862068966e+00  -3.9222210111732108e+00
   7.2413793103448265e-01  -1.1379310344827587e+00  -2.5849558424011549e+00
   7.2413793103448265e-01  -9.3103448275862055e-01  -1.0286709453824765e+00
   7.2413793103448265e-01  -7.2413793103448265e-01   2.4049050332000851e-01
   7.2413793103448265e-01  -5.1724137931034475e-01   9.9029672848374284e-01
   7.2413793103448265e-01  -3.1034482758620685e-01   1.3157424481942253e+00
   7.2413793103448265e-01  -1.0344827586206895e-01   1.4191349163652280e+00
   7.2413793103448265e-01   1.0344827586206895e-01   1.3987758936540238e+00
   7.2413793103448265e-01   3.1034482758620685e-01   1.2869787656491454e+00
   7.2413793103448265e-01   5.1724137931034475e-01   1.2321824192394706e+00
   7.2413793103448265e-01   7.2413793103448265e-01   1.5174772684205757e+00
   7.2413793103448265e-01   9.3103448275862055e-01   2.3207906639604166e+00
   7.2413793103448265e-01   1.1379310344827589e+00   3.4713348587118822e+00
   7.2413793103448265e-01   1.3448275862068968e+00   4.4929108735978796e+00
   7.2413793103448265e-01   1.5517241379310347e+00   4.9169966316685194e+00
   7.2413793103448265e-01   1.7586206896551726e+00   4.5805756066385896e+00
   7.2413793103448265e-01   1.9655172413793105e+00   3.6752164765379729e+00
   7.2413793103448265e-01   2.1724137931034484e+00   2.5671799786418035e+00
   7.2413793103448265e-01   2.3793103448275863e+00   1.5748877356595983e+00
   7.2413793103448265e-01   2.5862068965517242e+00   8.5445488162410810e-01
   7.2413793103448265e-01   2.7931034482758621e+00   4.1226586724725567e-01
   7.2413793103448265e-01   3.0000000000000000e+00   1.7767934292588847e-01
   9.3103448275862055e-01  -3.0000000000000000e+00  -1.2560627796512683e-01
   9.3103448275862055e-01  -2.7931034482758621e+00  -2.9101663447541415e-01
   9.3103448275862055e-01  -2.5862068965517242e+00  -6.0174980346570728e-01
   9.3103448275862055e-01  -2.3793103448275863e+00  -1.1048793147164246e+00
   9.3103448275862055e-01  -2.1724137931034484e+00  -1.7893474476818658e+00
   9.3103448275862055e-01  -1.9655172413793103e+00  -2.5320328436384387e+00
   9.3103448275862055e-01  -1.7586206896551724e+00  -3.0866353803893589e+00
   9.3103448275862055e-01  -1.5517241379310345e+00  -3.1647389678001083e+00
   9.3103448275862055e-01  -1.3448275862068966e+00  -2.5982478746785183e+00
   9.3103448275862055e-01  -1.1379310344827587e+00  -1.4781985357898739e+00
   9.3103448275862055e-01  -9.3103448275862055e-01  -1.3646212076421996e-01
   9.3103448275862055e-01  -7.2413793103448265e-01   1.0499606827909429e+00
   9.3103448275862055e-01  -5.1724137931034475e-01   1.8763269383783359e+00
   9.3103448275862055e-01  -3.1034482758620685e-01   2.3551585915350612e+00
   9.3103448275862055e-01  -1.0344827586206895e-01   2.5762175359376758e+00
   9.3103448275862055e-01   1.0344827586206895e-01   2.5754064334878617e+00
   9.3103448275862055e-01   3.1034482758620685e-01   2.3744855002489467e+00
   9.3103448275862055e-01   5.1724137931034475e-01   2.1103255246638692e+00
   9.3103448275862055e-01   7.2413793103448265e-01   2.0354178501225437e+00
   9.3103448275862055e-01   9.3103448275862055e-01   2.3291190123652075e+00
   9.3103448275862055e-01   1.1379310344827589e+00   2.9092709792553437e+00
   9.3103448275862055e-01   1.3448275862068968e+00   3.4562406367464442e+00
   9.3103448275862055e-01   1.5517241379310347e+00   3.6374456991666864e+00
   9.3103448275862055e-01   1.7586206896551726e+00   3.3260876977155029e+00
   9.3103448275862055e-01   1.9655172413793105e+00   2.6436452600013900e+00
   9.3103448275862055e-01   2.1724137931034484e+00   1.8372749262036876e+00
   9.3103448275862055e-01   2.3793103448275863e+00   1.1238717993498712e+00
   9.3103448275862055e-01   2.5862068965517242e+00   6.0871239858759207e-01
   9.3103448275862055e-01   2.7931034482758621e+00   2.9338601751501636e-01
   9.3103448275862055e-01   3.0000000000000000e+00   1.2635816080661585e-01
   1.1379310344827589e+00  -3.0000000000000000e+00  -8.1440251495597318e-02
   1.1379310344827589e+00  -2.7931034482758621e+00  -1.8850419517194281e-01
   1.1379310344827589e+00  -2.5862068965517242e+00  -3.8912167862356012e-01
   1.1379310344827589e+00  -2.3793103448275863e+00  -7.1241657081221366e-01
   1.1379310344827589e+00  -2.1724137931034484e+00  -1.1479887288138202e+00
   1.1379310344827589e+00  -1.9655172413793103e+00  -1.6096963315616633e+00
   1.1379310344827589e+00  -1.7586206896551724e+00  -1.9274079761228551e+00
   1.1379310344827589e+00  -1.5517241379310345e+00  -1.8997607327441350e+00
   1.1379310344827589e+00  -1.3448275862068966e+00  -1.4021426952761977e+00
   1.1379310344827589e+00  -1.1379310344827587e+00  -4.8242511724438403e-01
   1.1379310344827589e+00  -9.3103448275862055e-01   6.4309930593668019e-01
   1.1379310344827589e+00  -7.2413793103448265e-01   1.7097664996131512e+00
   1.1379310344827589e+00  -5.1724137931034475e-01   2.5438895721236627e+00
   1.1379310344827589e+00  -3.1034482758620685e-01   3.0989409464816138e+00
   1.1379310344827589e+00  -1.0344827586206895e-01   3.3801196297042932e+00
   1.1379310344827589e+00   1.0344827586206895e-01   3.3778123721713804e+00
   1.1379310344827589e+00   3.1034482758620685e-01   3.1063560924904170e+00
   1.1379310344827589e+00   5.1724137931034475e-01   2.6882881849427696e+00
   1.1379310344827589e+00   7.2413793103448265e-01   2.3417923776224483e+00
   1.1379310344827589e+00   9.3103448275862055e-01   2.2387053067474616e+00
   1.1379310344827589e+00   1.1379310344827589e+00   2.3658172687811891e+00
   1.1379310344827589e+00   1.3448275862068968e+00   2.5336347556189649e+00
   1.1379310344827589e+00   1.5517241379310347e+00   2.5250755876134594e+00
   1.1379310344827589e+00   1.7586206896551726e+00   2.2456306394102854e+00
   1.1379310344827589e+00   1.9655172413793105e+00   1.7590467277225079e+00
   1.1379310344827589e+00   2.1724137931034484e+00   1.2127733937714889e+00
   1.1379310344827589e+00   2.3793103448275863e+00   7.3846970906291942e-01
   1.1379310344827589e+00   2.5862068965517242e+00   3.9887546063677726e-01
   1.1379310344827589e+00   2.7931034482758621e+00   1.9192182711683739e-01
   1.1379310344827589e+00   3.0000000000000000e+00   8.2568126346106829e-02
   1.3448275862068968e+00  -3.0000000000000000e+00  -4.7640080702544864e-02
   1.3448275862068968e+00  -2.7931034482758621e+00  -1.1019385295774559e-01
   1.3448275862068968e+00  -2.5862068965517242e+00  -2.2696910418015015e-01
   1.3448275862068968e+00  -2.3793103448275863e+00  -4.1367504062397092e-01
   1.3448275862068968e+00  -2.1724137931034484e+00  -6.6099412694600190e-01
   1.3448275862068968e+00  -1.9655172413793103e+00  -9.1215206046647790e-01
   1.3448275862068968e+00  -1.7586206896551724e+00  -1.0572833330322586e+00
   1.3448275862068968e+00  -1.5517241379310345e+00  -9.6501002729110585e-01
   1.3448275862068968e+00  -1.3448275862068966e+00  -5.4878101572585158e-01
   1.3448275862068968e+00  -1.1379310344827587e+00   1.7157091909890007e-01
   1.3448275862068968e+00  -9.3103448275862055e-01   1.0657912955780260e+00
   1.3448275862068968e+00  -7.2413793103448265e-01   1.9587729644449539e+00
   1.3448275862068968e+00  -5.1724137931034475e-01   2.7119292544883362e+00
   1.3448275862068968e+00  -3.1034482758620685e-01   3.2505991308987361e+00
   1.3448275862068968e+00  -1.0344827586206895e-01   3.5323864880540916e+00
   1.3448275862068968e+00   1.0344827586206895e-01   3.5235571818987497e+00
   1.3448275862068968e+00   3.1034482758620685e-01   3.2333348529803119e+00
   1.3448275862068968e+00   5.1724137931034475e-01   2.7643363171375532e+00
   1.3448275862068968e+00   7.2413793103448265e-01   2.2939125827010418e+00
   1.3448275862068968e+00   9.3103448275862055e-01   1.9727357608487854e+00
   1.3448275862068968e+00   1.1379310344827589e+00   1.8279804919364893e+00
   1.3448275862068968e+00   1.3448275862068968e+00   1.7625662928655454e+00
   1.3448275862068968e+00   1.5517241379310347e+00   1.6461921029425055e+00
   1.3448275862068968e+00   1.7586206896551726e+00   1.4118223801273735e+00
   1.3448275862068968e+00   1.9655172413793105e+00   1.0840188523418615e+00
   1.3448275862068968e+00   2.1724137931034484e+00   7.3901399325246331e-01
   1.3448275862068968e+00   2.3793103448275863e+00   4.4705425343341287e-01
   1.3448275862068968e+00   2.5862068965517242e+00   2.4051754557545782e-01
   1.3448275862068968e+00   2.7931034482758621e+00   1.1544097724739423e-01
   1.3448275862068968e+00   3.0000000000000000e+00   4.9585583481281142e-02
   1.5517241379310347e+00  -3.0000000000000000e+00  -2.5106398881189766e-02
   1.5517241379310347e+00  -2.7931034482758621e+00  -5.8042833539456593e-02
   1.5517241379310347e+00  -2.5862068965517242e+00  -1.1919060811647383e-01
   1.5517241379310347e+00  -2.3793103448275863e+00  -2.1576418566544148e-01
   1.5517241379310347e+00  -2.1724137931034484e+00  -3.4020898964094648e-01
   1.5517241379310347e+00  -1.9655172413793103e+00  -4.5736564917579148e-01
   1.5517241379310347e+00  -1.7586206896551724e+00  -5.0090704510711626e-01
   1.5517241379310347e+00  -1.5517241379310345e+00  -3.9071913932531122e-01
   1.5517241379310347e+00  -1.3448275862068966e+00  -7.0605556578496348e-02
   1.5517241379310347e+00  -1.1379310344827587e+00   4.5478065198824075e-01
   1.5517241379310347e+00  -9.3103448275862055e-01   1.1129756598820963e+00
   1.5517241379310347e+00  -7.2413793103448265e-01   1.7950973446412077e+00
   1.5517241379310347e+00  -5.1724137931034475e-01   2.3990433922249590e+00
   1.5517241379310347e+00  -3.1034482758620685e-01   2.8488099227264407e+00
   1.5517241379310347e+00  -1.0344827586206895e-01   3.0871430504506168e+00
   1.5517241379310347e+00   1.0344827586206895e-01   3.0746964787162172e+00
   1.5517241379310347e+00   3.1034482758620685e-01   2.8171947061284439e+00
   1.5517241379310347e+00   5.1724137931034475e-01   2.3931618862006716e+00
   1.5517241379310347e+00   7.2413793103448265e-01   1.9353021602745863e+00
   1.5517241379310347e+00   9.3103448275862055e-01   1.5624251880800508e+00
   1.5517241379310347e+00   1.1379310344827589e+00   1.3158604924226567e+00
   1.5517241379310347e+00   1.3448275862068968e+00   1.1545263058604527e+00
   1.5517241379310347e+00   1.5517241379310347e+00   1.0064928825918817e+00
   1.5517241379310347e+00   1.7586206896551726e+00   8.2698822587299814e-01
   1.5517241379310347e+00   1.9655172413793105e+00   6.1922706768873104e-01
   1.5517241379310347e+00   2.1724137931034484e+00   4.1601233621652522e-01
   1.5517241379310347e+00   2.3793103448275863e+00   2.4947881884758663e-01
   1.5517241379310347e+00   2.5862068965517242e+00   1.3350872878881501e-01
   1.5517241379310347e+00   2.7931034482758621e+00   6.3865728816435277e-02
   1.5517241379310347e+00   3.0000000000000000e+00   2.7372867961278826e-02
   1.7586206896551726e+00  -3.0000000000000000e+00  -1.1888170646973679e-02
   1.7586206896551726e+00  -2.7931034482758621e+00  -2.7471666630666306e-02
   1.7586206896551726e+00  -2.5862068965517242e+00  -5.6168925554878686e-02
   1.7586206896551726e+00  -2.3793103448275863e+00  -1.0064677743022106e-01
   1.7586206896551726e+00  -2.1724137931034484e+00  -1.5545237906497658e-01
   1.7586206896551726e+00  -1.9655172413793103e+00  -2.0021580423259749e-01
   1.7586206896551726e+00  -1.7586206896551724e+00  -1.9756028248775301e-01
   1.7586206896551726e+00  -1.5517241379310345e+00  -1.0189725518976236e-01
   1.7586206896551726e+00  -1.3448275862068966e+00   1.2073365214317086e-01
   1.7586206896551726e+00  -1.1379310344827587e+00   4.7200544466156547e-01
   1.7586206896551726e+00  -9.3103448275862055e-01   9.1468941106678026e-01
   1.7586206896551726e+00  -7.2413793103448265e-01   1.3854499531608440e+00
   1.7586206896551726e+00  -5.1724137931034475e-01   1.8156379634765727e+00
   1.7586206896551726e+00  -3.1034482758620685e-01   2.1438364516845070e+00
   1.7586206896551726e+00  -1.0344827586206895e-01   2.3187739203111275e+00
   1.7586206896551726e+00   1.0344827586206895e-01   2.3069010970939399e+00
   1.7586206896551726e+00   3.1034482758620685e-01   2.1115893885425367e+00
   1.7586206896551726e+00   5.1724137931034475e-01   1.7871319319928012e+00
   1.7586206896551726e+00   7.2413793103448265e-01   1.4238196763108673e+00
   1.7586206896551726e+00   9.3103448275862055e-01   1.1054309793692318e+00
   1.7586206896551726e+00   1.1379310344827589e+00   8.7028271139210422e-01
   1.7586206896551726e+00   1.3448275862068968e+00   7.0575563689086029e-01
   1.7586206896551726e+00   1.5517241379310347e+00   5.7532909201908644e-01
   1.7586206896551726e+00   1.7586206896551726e+00   4.5114798561450531e-01
   1.7586206896551726e+00   1.9655172413793105e+00   3.2801544690760892e-01
   1.7586206896551726e+00   2.1724137931034484e+00   2.1645603821271328e-01
   1.7586206896551726e+00   2.3793103448275863e+00   1.2839556845956865e-01
   1.7586206896551726e+00   2.5862068965517242e+00   6.8246122551598135e-02
   1.7586206896551726e+00   2.7931034482758621e+00   3.2505832975420056e-02
   1.7586206896551726e+00   3.0000000000000000e+00   1.3892835630900118e-02
   1.9655172413793105e+00  -3.0000000000000000e+00  -5.0352020054357707e-03
   1.9655172413793105e+00  -2.7931034482758621e+00  -1.1629484864116538e-02
   1.9655172413793105e+00  -2.5862068965517242e+00  -2.3625822962927007e-02
   1.9655172413793105e+00  -2.3793103448275863e+00  -4.1680539796982670e-02
   1.9655172413793105e+00  -2.1724137931034484e+00  -6.2296752186087462e-02
   1.9655172413793105e+00  -1.9655172413793103e+00  -7.4489966386122111e-02
   1.9655172413793105e+00  -1.7586206896551724e+00  -5.8651720637100779e-02
   1.9655172413793105e+00  -1.5517241379310345e+00   9.3594785805569784e-03
   1.9655172413793105e+00  -1.3448275862068966e+00   1.4854956527875082e-01
   1.9655172413793105e+00  -1.1379310344827587e+00   3.6203388974077894e-01
   1.9655172413793105e+00  -9.3103448275862055e-01   6.3215722258988527e-01
   1.9655172413793105e+00  -7.2413793103448265e-01   9.2463708849486936e-01
   1.9655172413793105e+00  -5.1724137931034475e-01   1.1976080054397287e+00
   1.9655172413793105e+00  -3.1034482758620685e-01   1.4090741418457251e+00
   1.9655172413793105e+00  -1.0344827586206895e-01   1.5221445398656546e+00
   1.9655172413793105e+00   1.0344827586206895e-01   1.5132413678422898e+00
   1.9655172413793105e+00   3.1034482758620685e-01   1.3842204321604157e+00
   1.9655172413793105e+00   5.1724137931034475e-01   1.1688638031221021e+00
   1.9655172413793105e+00   7.2413793103448265e-01   9.2271759642603657e-01
   1.9655172413793105e+00   9.3103448275862055e-01   6.9860164886053233e-01
   1.9655172413793105e+00   1.1379310344827589e+00   5.2453062368444270e-01
   1.9655172413793105e+00   1.3448275862068968e+00   3.9942263832703512e-01
   1.9655172413793105e+00   1.5517241379310347e+00   3.0622216317394679e-01
   1.9655172413793105e+00   1.7586206896551726e+00   2.2892718813886190e-01
   1.9655172413793105e+00   1.9655172413793105e+00   1.6111940715914500e-01
   1.9655172413793105e+00   2.1724137931034484e+00   1.0413012262849027e-01
   1.9655172413793105e+00   2.3793103448275863e+00   6.0962272153777745e-02
   1.9655172413793105e+00   2.5862068965517242e+00   3.2135287406784958e-02
   1.9655172413793105e+00   2.7931034482758621e+00   1.5224499200795423e-02
   1.9655172413793105e+00   3.0000000000000000e+00   6.4840400978063602e-03
   2.1724137931034484e+00  -3.0000000000000000e+00  -1.8933472162296471e-03
   2.1724137931034484e+00  -2.7931034482758621e+00  -4.3694792977211176e-03
   2.1724137931034484e+00  -2.5862068965517242e+00  -8.7893684844693575e-03
   2.1724137931034484e+00  -2.3793103448275863e+00  -1.5127630025127906e-02
   2.1724137931034484e+00  -2.1724137931034484e+00  -2.1386383953674124e-02
   2.1724137931034484e+00  -1.9655172413793103e+00  -2.2079507667791803e-02
   2.1724137931034484e+00  -1.7586206896551724e+00  -7.6608729978983690e-03
   2.1724137931034484e+00  -1.5517241379310345e+00   3.3726836480046062e-02
   2.1724137931034484e+00  -1.3448275862068966e+00   1.1188852281445187e-01
   2.1724137931034484e+00  -1.1379310344827587e+00   2.2937935574954643e-01
   2.1724137931034484e+00  -9.3103448275862055e-01   3.7847451466561260e-01
   2.1724137931034484e+00  -7.2413793103448265e-01   5.4199375682777451e-01
   2.1724137931034484e+00  -5.1724137931034475e-01   6.9683904912942418e-01
   2.1724137931034484e+00  -3.1034482758620685e-01   8.1802713350854916e-01
   2.1724137931034484e+00  -1.0344827586206895e-01   8.8295901928703380e-01
   2.1724137931034484e+00   1.0344827586206895e-01   8.7738133381514216e-01
   2.1724137931034484e+00   3.1034482758620685e-01   8.0223814344413924e-01
   2.1724137931034484e+00   5.1724137931034475e-01   6.7643604709637917e-01
   2.1724137931034484e+00   7.2413793103448265e-01   5.3081378769175491e-01
   2.1724137931034484e+00   9.3103448275862055e-01   3.9520329627561579e-01
   2.1724137931034484e+00   1.1379310344827589e+00   2.8691679624039546e-01
   2.1724137931034484e+00   1.3448275862068968e+00   2.0799869337068097e-01
   2.1724137931034484e+00   1.5517241379310347e+00   1.5112228471709097e-01
   2.1724137931034484e+00   1.7586206896551726e+00   1.0785236127936408e-01
   2.1724137931034484e+00   1.9655172413793105e+00   7.3350235855927329e-02
   2.1724137931034484e+00   2.1724137931034484e+00   4.6318815594348632e-02
   2.1724137931034484e+00   2.3793103448275863e+00   2.6709609077090069e-02
   2.1724137931034484e+00   2.5862068965517242e+00   1.3942070475315789e-02
   2.1724137931034484e+00   2.7931034482758621e+00   6.5630081535882918e-03
   2.1724137931034484e+00   3.0000000000000000e+00   2.7832777328846538e-03
   2.3793103448275863e+00  -3.0000000000000000e+00  -6.2376685431111793e-04
   2.3793103448275863e+00  -2.7931034482758621e+00  -1.4374902356299084e-03
   2.3793103448275863e+00  -2.5862068965517242e+00  -2.8448064302997083e-03
   2.3793103448275863e+00  -2.3793103448275863e+00  -4.6927268670926732e-03
   2.3793103448275863e+00  -2.1724137931034484e+00  -5.9604724638318155e-03
   2.3793103448275863e+00  -1.9655172413793103e+00  -4.1210393334031427e-03
   2.3793103448275863e+00  -1.7586206896551724e+00   5.1242983733127750e-03
   2.3793103448275863e+00  -1.5517241379310345e+00   2.7159038240345171e-02
   2.3793103448275863e+00  -1.3448275862068966e+00   6.6628325561912213e-02
   2.3793103448275863e+00  -1.1379310344827587e+00   1.2511415329803771e-01
   2.3793103448275863e+00  -9.3103448275862055e-01   1.9949988842492314e-01
   2.3793103448275863e+00  -7.2413793103448265e-01   2.8184847847473127e-01
   2.3793103448275863e+00  -5.1724137931034475e-01   3.6063782262841665e-01
   2.3793103448275863e+00  -3.1034482758620685e-01   4.2274382627499135e-01
   2.3793103448275863e+00  -1.0344827586206895e-01   4.5607393422688708e-01
   2.3793103448275863e+00   1.0344827586206895e-01   4.5306321267939098e-01
   2.3793103448275863e+00   3.1034482758620685e-01   4.1415227156356971e-01
   2.3793103448275863e+00   5.1724137931034475e-01   3.4886876680756385e-01
   2.3793103448275863e+00   7.2413793103448265e-01   2.7266492672026088e-01
   2.3793103448275863e+00   9.3103448275862055e-01   2.0067221112063729e-01
   2.3793103448275863e+00   1.1379310344827589e+00   1.4220219872237808e-01
   2.3793103448275863e+00   1.3448275862068968e+00   9.9237190186388033e-02
   2.3793103448275863e+00   1.5517241379310347e+00   6.8881960002809647e-02
   2.3793103448275863e+00   1.7586206896551726e+00   4.7072762899719178e-02
   2.3793103448275863e+00   1.9655172413793105e+00   3.0923666576310248e-02
   2.3793103448275863e+00   2.1724137931034484e+00   1.9047770400416105e-02
   2.3793103448275863e+00   2.3793103448275863e+00   1.0799776318713412e-02
   2.3793103448275863e+00   2.5862068965517242e+00   5.5742893381646626e-03
   2.3793103448275863e+00   2.7931034482758621e+00   2.6044503303608480e-03
   2.3793103448275863e+00   3.0000000000000000e+00   1.0989740777988550e-03
   2.5862068965517242e+00  -3.0000000000000000e+00  -1.7548205829589675e-04
   2.5862068965517242e+00  -2.7931034482758621e+00  -4.0324865032414326e-04
   2.5862068965517242e+00  -2.5862068965517242e+00  -7.7445566671414923e-04
   2.5862068965517242e+00  -2.3793103448275863e+00  -1.1738010238205737e-03
   2.5862068965517242e+00  -2.1724137931034484e+00  -1.1331750829343345e-03
   2.5862068965517242e+00  -1.9655172413793103e+00   4.1735616377806914e-04
   2.5862068965517242e+00  -1.7586206896551724e+00   5.2630214956532716e-03
   2.5862068965517242e+00  -1.5517241379310345e+00   1.5656438302243780e-02
   2.5862068965517242e+00  -1.3448275862068966e+00   3.3612958566383008e-02
   2.5862068965517242e+00  -1.1379310344827587e+00   5.9950742450152375e-02
   2.5862068965517242e+00  -9.3103448275862055e-01   9.3510960474343111e-02
   2.5862068965517242e+00  -7.2413793103448265e-01   1.3092446099396665e-01
   2.5862068965517242e+00  -5.1724137931034475e-01   1.6699237575989839e-01
   2.5862068965517242e+00  -3.1034482758620685e-01   1.9557158833977900e-01
   2.5862068965517242e+00  -1.0344827586206895e-01   2.1093151744376956e-01
   2.5862068965517242e+00   1.0344827586206895e-01   2.0950616187552715e-01
   2.5862068965517242e+00   3.1034482758620685e-01   1.9148338814794713e-01
   2.5862068965517242e+00   5.1724137931034475e-01   1.6119341282577929e-01
   2.5862068965517242e+00   7.2413793103448265e-01   1.2563040578115958e-01
   2.5862068965517242e+00   9.3103448275862055e-01   9.1704545264743739e-02
   2.5862068965517242e+00   1.1379310344827589e+00   6.3842425378936862e-02
   2.5862068965517242e+00   1.3448275862068968e+00   4.3259813735074509e-02
   2.5862068965517242e+00   1.5517241379310347e+00   2.8904280347708613e-02
   2.5862068965517242e+00   1.7586206896551726e+00   1.8990756450644335e-02
   2.5862068965517242e+00   1.9655172413793105e+00   1.2059825238363749e-02
   2.5862068965517242e+00   2.1724137931034484e+00   7.2389824944955683e-03
   2.5862068965517242e+00   2.3793103448275863e+00   4.0298873993853453e-03
   2.5862068965517242e+00   2.5862068965517242e+00   2.0540651818595000e-03
   2.5862068965517242e+00   2.7931034482758621e+00   9.5156988186901345e-04
   2.5862068965517242e+00   3.0000000000000000e+00   3.9920258728049700e-04
   2.7931034482758621e+00  -3.0000000000000000e+00  -3.9694830805206203e-05
   2.7931034482758621e+00  -2.7931034482758621e+00  -9.0596496078108359e-05
   2.7931034482758621e+00  -2.5862068965517242e+00  -1.6247414163026957e-04
   2.7931034482758621e+00  -2.3793103448275863e+00  -1.9430265191141692e-04
   2.7931034482758621e+00  -2.1724137931034484e+00   7.1987931824559558e-06
   2.7931034482758621e+00  -1.9655172413793103e+00   8.5742325234503620e-04
   2.7931034482758621e+00  -1.7586206896551724e+00   3.0384061398188110e-03
   2.7931034482758621e+00  -1.5517241379310345e+00   7.4166475115439627e-03
   2.7931034482758621e+00  -1.3448275862068966e+00   1.4791385186936099e-02
   2.7931034482758621e+00  -1.1379310344827587e+00   2.5529605037717083e-02
   2.7931034482758621e+00  -9.3103448275862055e-01   3.9234439824573371e-02
   2.7931034482758621e+00  -7.2413793103448265e-01   5.4594990605497662e-02
   2.7931034482758621e+00  -5.1724137931034475e-01   6.9487558851440159e-02
   2.7931034482758621e+00  -3.1034482758620685e-01   8.1334602321889243e-02
   2.7931034482758621e+00  -1.0344827586206895e-01   8.7710779538125228e-02
   2.7931034482758621e+00   1.0344827586206895e-01   8.7112256511371486e-02
   2.7931034482758621e+00   3.1034482758620685e-01   7.9612051740057449e-02
   2.7931034482758621e+00   5.1724137931034475e-01   6.6988192289124837e-02
   2.7931034482758621e+00   7.2413793103448265e-01   5.2104047402771317e-02
   2.7931034482758621e+00   9.3103448275862055e-01   3.7807369975668428e-02
   2.7931034482758621e+00   1.1379310344827589e+00   2.5975212711347506e-02
   2.7931034482758621e+00   1.3448275862068968e+00   1.7202723583391658e-02
   2.7931034482758621e+00   1.5517241379310347e+00   1.1137985408139239e-02
   2.7931034482758621e+00   1.7586206896551726e+00   7.0668879761736194e-03
   2.7931034482758621e+00   1.9655172413793105e+00   4.3452381510785121e-03
   2.7931034482758621e+00   2.1724137931034484e+00   2.5411154395750262e-03
   2.7931034482758621e+00   2.3793103448275863e+00   1.3875200391440159e-03
   2.7931034482758621e+00   2.5862068965517242e+00   6.9761349304151639e-04
   2.7931034482758621e+00   2.7931034482758621e+00   3.2012304936306611e-04
   2.7931034482758621e+00   3.0000000000000000e+00   1.3341943557355576e-04
   3.0000000000000000e+00  -3.0000000000000000e+00  -5.8641878725895287e-06
   3.0000000000000000e+00  -2.7931034482758621e+00  -1.3051878085354381e-05
   3.0000000000000000e+00  -2.5862068965517242e+00  -1.7593961273006628e-05
   3.0000000000000000e+00  -2.3793103448275863e+00   6.9301394018366534e-06
   3.0000000000000000e+00  -2.1724137931034484e+00   1.3256574482447690e-04
   3.0000000000000000e+00  -1.9655172413793103e+00   5.0694442916919893e-04
   3.0000000000000000e+00  -1.7586206896551724e+00   1.3692996762515164e-03
   3.0000000000000000e+00  -1.5517241379310345e+00   3.0254489825056875e-03
   3.0000000000000000e+00  -1.3448275862068966e+00   5.7647655656173505e-03
   3.0000000000000000e+00  -1.1379310344827587e+00   9.7326404096911047e-03
   3.0000000000000000e+00  -9.3103448275862055e-01   1.4803953651268858e-02
   3.0000000000000000e+00  -7.2413793103448265e-01   2.0511946396380799e-02
   3.0000000000000000e+00  -5.1724137931034475e-01   2.6070395140700260e-02
   3.0000000000000000e+00  -3.1034482758620685e-01   3.0505764164123358e-02
   3.0000000000000000e+00  -1.0344827586206895e-01   3.2896229367726057e-02
   3.0000000000000000e+00   1.0344827586206895e-01   3.2671629176199875e-02
   3.0000000000000000e+00   3.1034482758620685e-01   2.9857809533579648e-02
   3.0000000000000000e+00   5.1724137931034475e-01   2.5115450450224459e-02
   3.0000000000000000e+00   7.2413793103448265e-01   1.9506225770164923e-02
   3.0000000000000000e+00   9.3103448275862055e-01   1.4091323519957925e-02
   3.0000000000000000e+00   1.1379310344827589e+00   9.5849805253256058e-03
   3.0000000000000000e+00   1.3448275862068968e+00   6.2352977224827636e-03
   3.0000000000000000e+00   1.5517241379310347e+00   3.9340279368424106e-03
   3.0000000000000000e+00   1.7586206896551726e+00   2.4211210503482941e-03
   3.0000000000000000e+00   1.9655172413793105e+00   1.4446157189609437e-03
   3.0000000000000000e+00   2.1724137931034484e+00   8.2337394438278580e-04
   3.0000000000000000e+00   2.3793103448275863e+00   4.4070088394289997e-04
   3.0000000000000000e+00   2.5862068965517242e+00   2.1836021197506455e-04
   3.0000000000000000e+00   2.7931034482758621e+00   9.9166763184661564e-05
   3.0000000000000000e+00   3.0000000000000000e+00   4.1029727458267584e-05
