-3.000000000000e+00      -3.000000000000e+00      
3.157967714489e-17       1.174369243826e-16       
3.000000000000e+00       3.000000000000e+00       
-6.430003748580e+00
3.392622817390e-01
8.020808909549e+00
3.419352047884e+00  -2.054698411976e+00 3.392821776742e+00  -2.069609014365e-01 -2.839558659038e+00 -1.382503059946e+00 4.393960547954e+00  2.491611811344e+00  -3.872534646214e+00 -2.475365656937e+00 -2.393981278201e+00 1.325071039518e+00  1.747718107077e+00  2.536803071882e+00  4.572292594732e-01  -4.316874455523e+00 -3.135087626921e+00 2.454317911042e-01  -4.171259131977e-01 1.440679056223e+00 
8.982332832463e-01  5.446415027350e-01  3.345304359151e-01  -7.270825535492e-01 -7.552555477989e-02 -1.353469584119e+00 3.954126054339e-01  -2.619344008110e-01 -8.612730991972e-01 4.437639140785e-01 
-1.232854628193e+00 -1.998906205926e+00 2.355763190382e+00  -2.449590250730e-01 1.528910297349e+00  -5.321078936905e-01 -6.327234813000e-01 1.075139292748e-01  1.615555352693e+00  -1.307211995570e+00 -1.214532618568e+00 -1.240629625577e+00 1.109820104595e+00  6.312698344909e-01  -1.170142485303e+00 3.987369620696e+00  -1.797412621150e+00 -1.225271500048e+00 8.358329218032e-01  1.365204094954e+00  7.594985627593e-01  -1.324751128323e+00 -1.098722047283e+00 1.062304447052e-01  -9.308663644912e-01 -1.943686905134e+00 6.891991159888e-01  -1.714241551483e+00 -1.571920443702e+00 6.784678592726e-01  -3.584893961757e+00 1.893427175202e+00  -2.522917047843e+00 -2.871588967040e+00 1.640123806825e+00  -2.198825227815e-02 -3.419031513545e+00 1.655304442714e+00  2.008743286702e+00  -3.579598226708e+00 -9.597484808016e-01 -4.647943002786e+00 5.784976392616e+00  -1.279150224382e+00 -1.780431933032e+00 8.385657077916e+00  8.733611779413e-01  1.618431235161e+00  7.853674851170e-01  4.558861745745e-01  1.972557831580e+00  -1.499603919165e+00 3.960640636666e+00  4.281651621107e+00  -1.208592928161e+00 1.140029978619e+00  2.081817218278e+00  1.484954928855e+00  -1.176677820771e+00 1.695872547698e+00  -3.362804083252e-02 -4.278489376704e-01 -5.720168352933e-01 -1.727350929180e+00 -1.115083403569e+00 9.739147829494e-01  2.317483779037e-01  8.004255539301e-01  -1.117805350851e+00 -2.508823500537e-01 -3.853477465776e-02 -1.292753914746e+00 7.797484365423e+00  -1.459494160900e-02 -9.432663117782e-01 3.825660682310e+00  8.238898746758e-01  1.256725708193e+00  1.060926437220e+00  -3.190683332839e-01 -8.989544011411e-02 1.122618814689e-02  3.500751624453e-02  -1.687429256479e-01 9.787328254718e-01  -2.736400501046e+00 -3.022474198829e-01 -3.004663682536e-01 4.769121167822e-01  -3.092828545667e-01 2.776223679405e+00  -2.085818941098e-01 2.367570958853e+00  -5.825120666613e-01 1.350318996769e+00  -6.627960347846e+00 3.308670664282e+00  1.401019950556e+00  -1.587620312495e+00 -1.512891049718e+00
-4.287277091553e-01 3.710490300595e-01  2.275334253425e+00  2.272593021126e+00  9.405177836649e-01  -2.333813529503e+00 -1.845046160616e-01 3.749686599998e+00  1.570018528672e+00  -6.535706588496e-01
1.461694980959e+01  -8.418557138996e-01 1.522537848612e-01  1.910225898312e+00  -4.391681436491e+00 -9.787599898127e-01 -1.067310476725e+01 3.286703577210e+00  4.415233209255e+00  -6.824725254751e+00
-4.216540468896e+00
